0	5.5	5e-10
1	3.0	5e-10
2	0.5	5e-10
3	-1.0	5e-10
4	-1.0	5e-10
5	-1.0	5e-10
6	-1.0	5e-10
7	-1.0	5e-10
8	-1.5	5e-10
9	-2.0	5e-10
10	-2.0	5e-10
11	-2.0	5e-10
12	-2.0	5e-10
13	-2.5	5e-10
14	-2.5	5e-10
15	-2.5	5e-10
16	-2.5	5e-10
17	-2.5	5e-10
18	-2.5	5e-10
19	-2.5	5e-10
20	-2.5	5e-10
21	-2.5	5e-10
22	-2.5	5e-10
23	-2.5	5e-10
24	-2.5	5e-10
25	-2.5	5e-10
26	-3.0	5e-10
27	-3.0	5e-10
28	-3.0	5e-10
29	-3.0	5e-10
30	-3.0	5e-10
31	-3.0	5e-10
32	-3.0	5e-10
33	-3.0	5e-10
34	-3.0	5e-10
35	-3.0	5e-10
36	-3.0	5e-10
37	-3.0	5e-10
38	-3.0	5e-10
39	-3.0	5e-10
40	-3.0	5e-10
41	-3.0	5e-10
42	-3.5	5e-10
43	-3.5	5e-10
44	-3.5	5e-10
45	-3.5	5e-10
46	-3.5	5e-10
47	-3.5	5e-10
48	-3.5	5e-10
49	-3.5	5e-10
50	-3.5	5e-10
51	-3.5	5e-10
52	-3.5	5e-10
53	-3.5	5e-10
54	-3.5	5e-10
55	-3.5	5e-10
56	-3.5	5e-10
57	-3.5	5e-10
58	-3.5	5e-10
59	-3.5	5e-10
60	-3.5	5e-10
61	-3.5	5e-10
62	-3.5	5e-10
63	-3.5	5e-10
64	-3.5	5e-10
65	-3.5	5e-10
66	-3.5	5e-10
67	-3.5	5e-10
68	-3.5	5e-10
69	-3.5	5e-10
70	-3.5	5e-10
71	-3.5	5e-10
72	-4.0	5e-10
73	-4.0	5e-10
74	-4.0	5e-10
75	-4.0	5e-10
76	-4.0	5e-10
77	-4.0	5e-10
78	-4.0	5e-10
79	-4.0	5e-10
80	-4.0	5e-10
81	-4.0	5e-10
82	-4.0	5e-10
83	-4.0	5e-10
84	-4.0	5e-10
85	-4.0	5e-10
86	-4.0	5e-10
87	-4.0	5e-10
88	-4.0	5e-10
89	-4.0	5e-10
90	-4.0	5e-10
91	-4.0	5e-10
92	-4.0	5e-10
93	-4.0	5e-10
94	-4.0	5e-10
95	-4.0	5e-10
96	-4.0	5e-10
97	-4.0	5e-10
98	-4.0	5e-10
99	-4.0	5e-10
100	-4.0	5e-10
101	-4.0	5e-10
102	-4.5	5e-10
103	-4.5	5e-10
104	-4.5	5e-10
105	-4.5	5e-10
106	-4.5	5e-10
107	-4.5	5e-10
108	-4.5	5e-10
109	-4.5	5e-10
110	-4.5	5e-10
111	-4.5	5e-10
112	-4.5	5e-10
113	-4.5	5e-10
114	-4.5	5e-10
115	-4.5	5e-10
116	-4.5	5e-10
117	-4.5	5e-10
118	-4.5	5e-10
119	-4.5	5e-10
120	-4.5	5e-10
121	-4.5	5e-10
122	-4.5	5e-10
123	-4.5	5e-10
124	-4.5	5e-10
125	-4.5	5e-10
126	-4.5	5e-10
127	-4.5	5e-10
128	-4.5	5e-10
129	-4.5	5e-10
130	-4.5	5e-10
131	-4.5	5e-10
132	-4.5	5e-10
133	-4.5	5e-10
134	-4.5	5e-10
135	-4.5	5e-10
136	-4.5	5e-10
137	-4.5	5e-10
138	-4.5	5e-10
139	-4.5	5e-10
140	-4.5	5e-10
141	-4.5	5e-10
142	-4.5	5e-10
143	-4.5	5e-10
144	-4.5	5e-10
145	-4.5	5e-10
146	-4.5	5e-10
147	-4.5	5e-10
148	-4.5	5e-10
149	-4.5	5e-10
150	-4.5	5e-10
151	-4.5	5e-10
152	-4.5	5e-10
153	-4.5	5e-10
154	-4.5	5e-10
155	-4.5	5e-10
156	-4.5	5e-10
157	-4.5	5e-10
158	-5.0	5e-10
159	-5.0	5e-10
160	-5.0	5e-10
161	-5.0	5e-10
162	-5.0	5e-10
163	-5.0	5e-10
164	-5.0	5e-10
165	-5.0	5e-10
166	-5.0	5e-10
167	-5.0	5e-10
168	-5.0	5e-10
169	-5.0	5e-10
170	-5.0	5e-10
171	-5.0	5e-10
172	-5.0	5e-10
173	-5.0	5e-10
174	-5.0	5e-10
175	-5.0	5e-10
176	-5.0	5e-10
177	-5.0	5e-10
178	-5.0	5e-10
179	-5.0	5e-10
180	-5.0	5e-10
181	-5.0	5e-10
182	-5.0	5e-10
183	-5.0	5e-10
184	-5.0	5e-10
185	-5.0	5e-10
186	-5.0	5e-10
187	-5.0	5e-10
188	-5.0	5e-10
189	-5.0	5e-10
190	-5.0	5e-10
191	-5.0	5e-10
192	-5.0	5e-10
193	-5.0	5e-10
194	-5.0	5e-10
195	-5.0	5e-10
196	-5.0	5e-10
197	-5.0	5e-10
198	-5.0	5e-10
199	-5.0	5e-10
200	-5.0	5e-10
201	-5.0	5e-10
202	-5.0	5e-10
203	-5.0	5e-10
204	-5.0	5e-10
205	-5.0	5e-10
206	-5.0	5e-10
207	-5.0	5e-10
208	-5.0	5e-10
209	-5.5	5e-10
210	-5.5	5e-10
211	-5.5	5e-10
212	-5.5	5e-10
213	-5.5	5e-10
214	-5.5	5e-10
215	-5.5	5e-10
216	-5.5	5e-10
217	-5.5	5e-10
218	-5.5	5e-10
219	-5.5	5e-10
220	-5.5	5e-10
221	-5.5	5e-10
222	-5.5	5e-10
223	-5.5	5e-10
224	-5.5	5e-10
225	-5.5	5e-10
226	-5.5	5e-10
227	-5.5	5e-10
228	-5.5	5e-10
229	-5.5	5e-10
230	-5.5	5e-10
231	-5.5	5e-10
232	-5.5	5e-10
233	-5.5	5e-10
234	-5.5	5e-10
235	-5.5	5e-10
236	-5.5	5e-10
237	-5.5	5e-10
238	-5.5	5e-10
239	-5.5	5e-10
240	-5.5	5e-10
241	-5.5	5e-10
242	-5.5	5e-10
243	-5.5	5e-10
244	-5.5	5e-10
245	-5.5	5e-10
246	-5.5	5e-10
247	-5.5	5e-10
248	-5.5	5e-10
249	-5.5	5e-10
250	-5.5	5e-10
251	-5.5	5e-10
252	-5.5	5e-10
253	-5.5	5e-10
254	-5.5	5e-10
255	-5.5	5e-10
256	-5.5	5e-10
257	-5.5	5e-10
258	-5.5	5e-10
259	-5.5	5e-10
260	-5.5	5e-10
261	-5.5	5e-10
262	-5.5	5e-10
263	-5.5	5e-10
264	-5.5	5e-10
265	-5.5	5e-10
266	-5.5	5e-10
267	-5.5	5e-10
268	-5.5	5e-10
269	-5.5	5e-10
270	-5.5	5e-10
271	-5.5	5e-10
272	-5.5	5e-10
273	-5.5	5e-10
274	-5.5	5e-10
275	-5.5	5e-10
276	-5.5	5e-10
277	-5.5	5e-10
278	-5.5	5e-10
279	-6.0	5e-10
280	-6.0	5e-10
281	-6.0	5e-10
282	-6.0	5e-10
283	-6.0	5e-10
284	-6.0	5e-10
285	-6.0	5e-10
286	-6.0	5e-10
287	-6.0	5e-10
288	-6.0	5e-10
289	-6.0	5e-10
290	-6.0	5e-10
291	-6.0	5e-10
292	-6.0	5e-10
293	-6.0	5e-10
294	-6.0	5e-10
295	-6.0	5e-10
296	-6.0	5e-10
297	-6.0	5e-10
298	-6.0	5e-10
299	-6.0	5e-10
300	-6.0	5e-10
301	-6.0	5e-10
302	-6.0	5e-10
303	-6.0	5e-10
304	-6.0	5e-10
305	-6.0	5e-10
306	-6.0	5e-10
307	-6.0	5e-10
308	-6.0	5e-10
309	-6.0	5e-10
310	-6.0	5e-10
311	-6.0	5e-10
312	-6.0	5e-10
313	-6.0	5e-10
314	-6.0	5e-10
315	-6.0	5e-10
316	-6.0	5e-10
317	-6.0	5e-10
318	-6.0	5e-10
319	-6.0	5e-10
320	-6.0	5e-10
321	-6.0	5e-10
322	-6.0	5e-10
323	-6.0	5e-10
324	-6.0	5e-10
325	-6.0	5e-10
326	-6.0	5e-10
327	-6.0	5e-10
328	-6.0	5e-10
329	-6.0	5e-10
330	-6.0	5e-10
331	-6.0	5e-10
332	-6.0	5e-10
333	-6.0	5e-10
334	-6.0	5e-10
335	-6.0	5e-10
336	-6.0	5e-10
337	-6.0	5e-10
338	-6.0	5e-10
339	-6.0	5e-10
340	-6.0	5e-10
341	-6.0	5e-10
342	-6.0	5e-10
343	-6.0	5e-10
344	-6.0	5e-10
345	-6.0	5e-10
346	-6.0	5e-10
347	-6.0	5e-10
348	-6.0	5e-10
349	-6.0	5e-10
350	-6.0	5e-10
351	-6.0	5e-10
352	-6.0	5e-10
353	-6.0	5e-10
354	-6.0	5e-10
355	-6.0	5e-10
356	-6.0	5e-10
357	-6.0	5e-10
358	-6.0	5e-10
359	-6.0	5e-10
360	-6.0	5e-10
361	-6.0	5e-10
362	-6.0	5e-10
363	-6.0	5e-10
364	-6.0	5e-10
365	-6.0	5e-10
366	-6.0	5e-10
367	-6.5	5e-10
368	-6.5	5e-10
369	-6.5	5e-10
370	-6.5	5e-10
371	-6.5	5e-10
372	-6.5	5e-10
373	-6.5	5e-10
374	-6.5	5e-10
375	-6.5	5e-10
376	-6.5	5e-10
377	-6.5	5e-10
378	-6.5	5e-10
379	-6.5	5e-10
380	-6.5	5e-10
381	-6.5	5e-10
382	-6.5	5e-10
383	-6.5	5e-10
384	-6.5	5e-10
385	-6.5	5e-10
386	-6.5	5e-10
387	-6.5	5e-10
388	-6.5	5e-10
389	-6.5	5e-10
390	-6.5	5e-10
391	-6.5	5e-10
392	-6.5	5e-10
393	-6.5	5e-10
394	-6.5	5e-10
395	-6.5	5e-10
396	-6.5	5e-10
397	-6.5	5e-10
398	-6.5	5e-10
399	-6.5	5e-10
400	-6.5	5e-10
401	-6.5	5e-10
402	-6.5	5e-10
403	-6.5	5e-10
404	-6.5	5e-10
405	-6.5	5e-10
406	-6.5	5e-10
407	-6.5	5e-10
408	-6.5	5e-10
409	-6.5	5e-10
410	-6.5	5e-10
411	-6.5	5e-10
412	-6.5	5e-10
413	-6.5	5e-10
414	-6.5	5e-10
415	-6.5	5e-10
416	-6.5	5e-10
417	-6.5	5e-10
418	-6.5	5e-10
419	-6.5	5e-10
420	-6.5	5e-10
421	-6.5	5e-10
422	-6.5	5e-10
423	-6.5	5e-10
424	-6.5	5e-10
425	-6.5	5e-10
426	-6.5	5e-10
427	-6.5	5e-10
428	-6.5	5e-10
429	-6.5	5e-10
430	-6.5	5e-10
431	-6.5	5e-10
432	-6.5	5e-10
433	-6.5	5e-10
434	-6.5	5e-10
435	-6.5	5e-10
436	-6.5	5e-10
437	-6.5	5e-10
438	-6.5	5e-10
439	-6.5	5e-10
440	-6.5	5e-10
441	-6.5	5e-10
442	-6.5	5e-10
443	-6.5	5e-10
444	-6.5	5e-10
445	-6.5	5e-10
446	-6.5	5e-10
447	-6.5	5e-10
448	-6.5	5e-10
449	-6.5	5e-10
450	-6.5	5e-10
451	-6.5	5e-10
452	-6.5	5e-10
453	-6.5	5e-10
454	-6.5	5e-10
455	-6.5	5e-10
456	-6.5	5e-10
457	-6.5	5e-10
458	-6.5	5e-10
459	-6.5	5e-10
460	-6.5	5e-10
461	-6.5	5e-10
462	-6.5	5e-10
463	-6.5	5e-10
464	-6.5	5e-10
465	-6.5	5e-10
466	-6.5	5e-10
467	-7.0	5e-10
468	-7.0	5e-10
469	-7.0	5e-10
470	-7.0	5e-10
471	-7.0	5e-10
472	-7.0	5e-10
473	-7.0	5e-10
474	-7.0	5e-10
475	-7.0	5e-10
476	-7.0	5e-10
477	-7.0	5e-10
478	-7.0	5e-10
479	-7.0	5e-10
480	-7.0	5e-10
481	-7.0	5e-10
482	-7.0	5e-10
483	-7.0	5e-10
484	-7.0	5e-10
485	-7.0	5e-10
486	-7.0	5e-10
487	-7.0	5e-10
488	-7.0	5e-10
489	-7.0	5e-10
490	-7.0	5e-10
491	-7.0	5e-10
492	-7.0	5e-10
493	-7.0	5e-10
494	-7.0	5e-10
495	-7.0	5e-10
496	-7.0	5e-10
497	-7.0	5e-10
498	-7.0	5e-10
499	-7.0	5e-10
500	-7.0	5e-10
501	-7.0	5e-10
502	-7.0	5e-10
503	-7.0	5e-10
504	-7.0	5e-10
505	-7.0	5e-10
506	-7.0	5e-10
507	-7.0	5e-10
508	-7.0	5e-10
509	-7.0	5e-10
510	-7.0	5e-10
511	-7.0	5e-10
512	-7.0	5e-10
513	-7.0	5e-10
514	-7.0	5e-10
515	-7.0	5e-10
516	-7.0	5e-10
517	-7.0	5e-10
518	-7.0	5e-10
519	-7.0	5e-10
520	-7.0	5e-10
521	-7.0	5e-10
522	-7.0	5e-10
523	-7.0	5e-10
524	-7.0	5e-10
525	-7.0	5e-10
526	-7.0	5e-10
527	-7.0	5e-10
528	-7.0	5e-10
529	-7.0	5e-10
530	-7.0	5e-10
531	-7.0	5e-10
532	-7.0	5e-10
533	-7.0	5e-10
534	-7.0	5e-10
535	-7.0	5e-10
536	-7.0	5e-10
537	-7.0	5e-10
538	-7.0	5e-10
539	-7.0	5e-10
540	-7.0	5e-10
541	-7.0	5e-10
542	-7.0	5e-10
543	-7.0	5e-10
544	-7.0	5e-10
545	-7.0	5e-10
546	-7.0	5e-10
547	-7.0	5e-10
548	-7.0	5e-10
549	-7.0	5e-10
550	-7.0	5e-10
551	-7.0	5e-10
552	-7.0	5e-10
553	-7.0	5e-10
554	-7.0	5e-10
555	-7.0	5e-10
556	-7.0	5e-10
557	-7.0	5e-10
558	-7.0	5e-10
559	-7.0	5e-10
560	-7.0	5e-10
561	-7.0	5e-10
562	-7.0	5e-10
563	-7.0	5e-10
564	-7.0	5e-10
565	-7.0	5e-10
566	-7.0	5e-10
567	-7.0	5e-10
568	-7.0	5e-10
569	-7.0	5e-10
570	-7.0	5e-10
571	-7.0	5e-10
572	-7.0	5e-10
573	-7.0	5e-10
574	-7.0	5e-10
575	-7.0	5e-10
576	-7.0	5e-10
577	-7.0	5e-10
578	-7.0	5e-10
579	-7.0	5e-10
580	-7.0	5e-10
581	-7.0	5e-10
582	-7.0	5e-10
583	-7.0	5e-10
584	-7.0	5e-10
585	-7.0	5e-10
586	-7.5	5e-10
587	-7.5	5e-10
588	-7.5	5e-10
589	-7.5	5e-10
590	-7.5	5e-10
591	-7.5	5e-10
592	-7.5	5e-10
593	-7.5	5e-10
594	-7.5	5e-10
595	-7.5	5e-10
596	-7.5	5e-10
597	-7.5	5e-10
598	-7.5	5e-10
599	-7.5	5e-10
600	-7.5	5e-10
601	-7.5	5e-10
602	-7.5	5e-10
603	-7.5	5e-10
604	-7.5	5e-10
605	-7.5	5e-10
606	-7.5	5e-10
607	-7.5	5e-10
608	-7.5	5e-10
609	-7.5	5e-10
610	-7.5	5e-10
611	-7.5	5e-10
612	-7.5	5e-10
613	-7.5	5e-10
614	-7.5	5e-10
615	-7.5	5e-10
616	-7.5	5e-10
617	-7.5	5e-10
618	-7.5	5e-10
619	-7.5	5e-10
620	-7.5	5e-10
621	-7.5	5e-10
622	-7.5	5e-10
623	-7.5	5e-10
624	-7.5	5e-10
625	-7.5	5e-10
626	-7.5	5e-10
627	-7.5	5e-10
628	-7.5	5e-10
629	-7.5	5e-10
630	-7.5	5e-10
631	-7.5	5e-10
632	-7.5	5e-10
633	-7.5	5e-10
634	-7.5	5e-10
635	-7.5	5e-10
636	-7.5	5e-10
637	-7.5	5e-10
638	-7.5	5e-10
639	-7.5	5e-10
640	-7.5	5e-10
641	-7.5	5e-10
642	-7.5	5e-10
643	-7.5	5e-10
644	-7.5	5e-10
645	-7.5	5e-10
646	-7.5	5e-10
647	-7.5	5e-10
648	-7.5	5e-10
649	-7.5	5e-10
650	-7.5	5e-10
651	-7.5	5e-10
652	-7.5	5e-10
653	-7.5	5e-10
654	-7.5	5e-10
655	-7.5	5e-10
656	-7.5	5e-10
657	-7.5	5e-10
658	-7.5	5e-10
659	-7.5	5e-10
660	-7.5	5e-10
661	-7.5	5e-10
662	-7.5	5e-10
663	-7.5	5e-10
664	-7.5	5e-10
665	-7.5	5e-10
666	-7.5	5e-10
667	-7.5	5e-10
668	-7.5	5e-10
669	-7.5	5e-10
670	-7.5	5e-10
671	-7.5	5e-10
672	-7.5	5e-10
673	-7.5	5e-10
674	-7.5	5e-10
675	-7.5	5e-10
676	-7.5	5e-10
677	-7.5	5e-10
678	-7.5	5e-10
679	-7.5	5e-10
680	-7.5	5e-10
681	-7.5	5e-10
682	-7.5	5e-10
683	-7.5	5e-10
684	-7.5	5e-10
685	-7.5	5e-10
686	-7.5	5e-10
687	-7.5	5e-10
688	-7.5	5e-10
689	-7.5	5e-10
690	-7.5	5e-10
691	-7.5	5e-10
692	-7.5	5e-10
693	-7.5	5e-10
694	-7.5	5e-10
695	-7.5	5e-10
696	-8.0	5e-10
697	-8.0	5e-10
698	-8.0	5e-10
699	-8.0	5e-10
700	-8.0	5e-10
701	-8.0	5e-10
702	-8.0	5e-10
703	-8.0	5e-10
704	-8.0	5e-10
705	-8.0	5e-10
706	-8.0	5e-10
707	-8.0	5e-10
708	-8.0	5e-10
709	-8.0	5e-10
710	-8.0	5e-10
711	-8.0	5e-10
712	-8.0	5e-10
713	-8.0	5e-10
714	-8.0	5e-10
715	-8.0	5e-10
716	-8.0	5e-10
717	-8.0	5e-10
718	-8.0	5e-10
719	-8.0	5e-10
720	-8.0	5e-10
721	-8.0	5e-10
722	-8.0	5e-10
723	-8.0	5e-10
724	-8.0	5e-10
725	-8.0	5e-10
726	-8.0	5e-10
727	-8.0	5e-10
728	-8.0	5e-10
729	-8.0	5e-10
730	-8.0	5e-10
731	-8.0	5e-10
732	-8.0	5e-10
733	-8.0	5e-10
734	-8.0	5e-10
735	-8.0	5e-10
736	-8.0	5e-10
737	-8.0	5e-10
738	-8.0	5e-10
739	-8.0	5e-10
740	-8.0	5e-10
741	-8.0	5e-10
742	-8.0	5e-10
743	-8.0	5e-10
744	-8.0	5e-10
745	-8.0	5e-10
746	-8.0	5e-10
747	-8.0	5e-10
748	-8.0	5e-10
749	-8.0	5e-10
750	-8.0	5e-10
751	-8.0	5e-10
752	-8.0	5e-10
753	-8.0	5e-10
754	-8.0	5e-10
755	-8.0	5e-10
756	-8.0	5e-10
757	-8.0	5e-10
758	-8.0	5e-10
759	-8.0	5e-10
760	-8.0	5e-10
761	-8.0	5e-10
762	-8.0	5e-10
763	-8.0	5e-10
764	-8.0	5e-10
765	-8.0	5e-10
766	-8.0	5e-10
767	-8.0	5e-10
768	-8.0	5e-10
769	-8.0	5e-10
770	-8.0	5e-10
771	-8.0	5e-10
772	-8.0	5e-10
773	-8.0	5e-10
774	-8.0	5e-10
775	-8.0	5e-10
776	-8.0	5e-10
777	-8.0	5e-10
778	-8.0	5e-10
779	-8.0	5e-10
780	-8.0	5e-10
781	-8.0	5e-10
782	-8.0	5e-10
783	-8.0	5e-10
784	-8.0	5e-10
785	-8.0	5e-10
786	-8.0	5e-10
787	-8.0	5e-10
788	-8.0	5e-10
789	-8.0	5e-10
790	-8.0	5e-10
791	-8.0	5e-10
792	-8.0	5e-10
793	-8.0	5e-10
794	-8.0	5e-10
795	-8.0	5e-10
796	-8.0	5e-10
797	-8.0	5e-10
798	-8.0	5e-10
799	-8.0	5e-10
800	-8.0	5e-10
801	-8.0	5e-10
802	-8.0	5e-10
803	-8.0	5e-10
804	-8.0	5e-10
805	-8.0	5e-10
806	-8.0	5e-10
807	-8.0	5e-10
808	-8.0	5e-10
809	-8.0	5e-10
810	-8.0	5e-10
811	-8.0	5e-10
812	-8.5	5e-10
813	-8.5	5e-10
814	-8.5	5e-10
815	-8.5	5e-10
816	-8.5	5e-10
817	-8.5	5e-10
818	-8.5	5e-10
819	-8.5	5e-10
820	-8.5	5e-10
821	-8.5	5e-10
822	-8.5	5e-10
823	-8.5	5e-10
824	-8.5	5e-10
825	-8.5	5e-10
826	-8.5	5e-10
827	-8.5	5e-10
828	-8.5	5e-10
829	-8.5	5e-10
830	-8.5	5e-10
831	-8.5	5e-10
832	-8.5	5e-10
833	-8.5	5e-10
834	-8.5	5e-10
835	-8.5	5e-10
836	-8.5	5e-10
837	-8.5	5e-10
838	-8.5	5e-10
839	-8.5	5e-10
840	-8.5	5e-10
841	-8.5	5e-10
842	-8.5	5e-10
843	-8.5	5e-10
844	-8.5	5e-10
845	-8.5	5e-10
846	-8.5	5e-10
847	-8.5	5e-10
848	-8.5	5e-10
849	-8.5	5e-10
850	-8.5	5e-10
851	-8.5	5e-10
852	-8.5	5e-10
853	-8.5	5e-10
854	-8.5	5e-10
855	-8.5	5e-10
856	-8.5	5e-10
857	-8.5	5e-10
858	-8.5	5e-10
859	-8.5	5e-10
860	-8.5	5e-10
861	-8.5	5e-10
862	-8.5	5e-10
863	-8.5	5e-10
864	-8.5	5e-10
865	-8.5	5e-10
866	-8.5	5e-10
867	-8.5	5e-10
868	-8.5	5e-10
869	-8.5	5e-10
870	-8.5	5e-10
871	-8.5	5e-10
872	-8.5	5e-10
873	-8.5	5e-10
874	-8.5	5e-10
875	-8.5	5e-10
876	-8.5	5e-10
877	-8.5	5e-10
878	-8.5	5e-10
879	-8.5	5e-10
880	-8.5	5e-10
881	-8.5	5e-10
882	-8.5	5e-10
883	-8.5	5e-10
884	-8.5	5e-10
885	-8.5	5e-10
886	-8.5	5e-10
887	-8.5	5e-10
888	-8.5	5e-10
889	-8.5	5e-10
890	-8.5	5e-10
891	-8.5	5e-10
892	-8.5	5e-10
893	-8.5	5e-10
894	-8.5	5e-10
895	-8.5	5e-10
896	-8.5	5e-10
897	-8.5	5e-10
898	-8.5	5e-10
899	-8.5	5e-10
900	-8.5	5e-10
901	-8.5	5e-10
902	-8.5	5e-10
903	-8.5	5e-10
904	-8.5	5e-10
905	-8.5	5e-10
906	-8.5	5e-10
907	-8.5	5e-10
908	-8.5	5e-10
909	-8.5	5e-10
910	-8.5	5e-10
911	-8.5	5e-10
912	-8.5	5e-10
913	-8.5	5e-10
914	-8.5	5e-10
915	-8.5	5e-10
916	-8.5	5e-10
917	-8.5	5e-10
918	-8.5	5e-10
919	-8.5	5e-10
920	-8.5	5e-10
921	-8.5	5e-10
922	-8.5	5e-10
923	-8.5	5e-10
924	-8.5	5e-10
925	-8.5	5e-10
926	-8.5	5e-10
927	-8.5	5e-10
928	-8.5	5e-10
929	-8.5	5e-10
930	-8.5	5e-10
931	-8.5	5e-10
932	-8.5	5e-10
933	-8.5	5e-10
934	-8.5	5e-10
935	-8.5	5e-10
936	-8.5	5e-10
937	-8.5	5e-10
938	-8.5	5e-10
939	-8.5	5e-10
940	-8.5	5e-10
941	-8.5	5e-10
942	-8.5	5e-10
943	-8.5	5e-10
944	-8.5	5e-10
945	-8.5	5e-10
946	-8.5	5e-10
947	-8.5	5e-10
948	-8.5	5e-10
949	-8.5	5e-10
950	-8.5	5e-10
951	-8.5	5e-10
952	-8.5	5e-10
953	-8.5	5e-10
954	-9.0	5e-10
955	-9.0	5e-10
956	-9.0	5e-10
957	-9.0	5e-10
958	-9.0	5e-10
959	-9.0	5e-10
960	-9.0	5e-10
961	-9.0	5e-10
962	-9.0	5e-10
963	-9.0	5e-10
964	-9.0	5e-10
965	-9.0	5e-10
966	-9.0	5e-10
967	-9.0	5e-10
968	-9.0	5e-10
969	-9.0	5e-10
970	-9.0	5e-10
971	-9.0	5e-10
972	-9.0	5e-10
973	-9.0	5e-10
974	-9.0	5e-10
975	-9.0	5e-10
976	-9.0	5e-10
977	-9.0	5e-10
978	-9.0	5e-10
979	-9.0	5e-10
980	-9.0	5e-10
981	-9.0	5e-10
982	-9.0	5e-10
983	-9.0	5e-10
984	-9.0	5e-10
985	-9.0	5e-10
986	-9.0	5e-10
987	-9.0	5e-10
988	-9.0	5e-10
989	-9.0	5e-10
990	-9.0	5e-10
991	-9.0	5e-10
992	-9.0	5e-10
993	-9.0	5e-10
994	-9.0	5e-10
995	-9.0	5e-10
996	-9.0	5e-10
997	-9.0	5e-10
998	-9.0	5e-10
999	-9.0	5e-10
1000	-9.0	5e-10
1001	-9.0	5e-10
1002	-9.0	5e-10
1003	-9.0	5e-10
1004	-9.0	5e-10
1005	-9.0	5e-10
1006	-9.0	5e-10
1007	-9.0	5e-10
1008	-9.0	5e-10
1009	-9.0	5e-10
1010	-9.0	5e-10
1011	-9.0	5e-10
1012	-9.0	5e-10
1013	-9.0	5e-10
1014	-9.0	5e-10
1015	-9.0	5e-10
1016	-9.0	5e-10
1017	-9.0	5e-10
1018	-9.0	5e-10
1019	-9.0	5e-10
1020	-9.0	5e-10
1021	-9.0	5e-10
1022	-9.0	5e-10
1023	-9.0	5e-10
1024	-9.0	5e-10
1025	-9.0	5e-10
1026	-9.0	5e-10
1027	-9.0	5e-10
1028	-9.0	5e-10
1029	-9.0	5e-10
1030	-9.0	5e-10
1031	-9.0	5e-10
1032	-9.0	5e-10
1033	-9.0	5e-10
1034	-9.0	5e-10
1035	-9.0	5e-10
1036	-9.0	5e-10
1037	-9.0	5e-10
1038	-9.0	5e-10
1039	-9.0	5e-10
1040	-9.0	5e-10
1041	-9.0	5e-10
1042	-9.0	5e-10
1043	-9.0	5e-10
1044	-9.0	5e-10
1045	-9.0	5e-10
1046	-9.0	5e-10
1047	-9.0	5e-10
1048	-9.0	5e-10
1049	-9.0	5e-10
1050	-9.0	5e-10
1051	-9.0	5e-10
1052	-9.0	5e-10
1053	-9.0	5e-10
1054	-9.0	5e-10
1055	-9.0	5e-10
1056	-9.0	5e-10
1057	-9.0	5e-10
1058	-9.0	5e-10
1059	-9.0	5e-10
1060	-9.0	5e-10
1061	-9.0	5e-10
1062	-9.0	5e-10
1063	-9.0	5e-10
1064	-9.0	5e-10
1065	-9.0	5e-10
1066	-9.0	5e-10
1067	-9.0	5e-10
1068	-9.0	5e-10
1069	-9.0	5e-10
1070	-9.0	5e-10
1071	-9.0	5e-10
1072	-9.5	5e-10
1073	-9.5	5e-10
1074	-9.5	5e-10
1075	-9.5	5e-10
1076	-9.5	5e-10
1077	-9.5	5e-10
1078	-9.5	5e-10
1079	-9.5	5e-10
1080	-9.5	5e-10
1081	-9.5	5e-10
1082	-9.5	5e-10
1083	-9.5	5e-10
1084	-9.5	5e-10
1085	-9.5	5e-10
1086	-9.5	5e-10
1087	-9.5	5e-10
1088	-9.5	5e-10
1089	-9.5	5e-10
1090	-9.5	5e-10
1091	-9.5	5e-10
1092	-9.5	5e-10
1093	-9.5	5e-10
1094	-9.5	5e-10
1095	-9.5	5e-10
1096	-9.5	5e-10
1097	-9.5	5e-10
1098	-9.5	5e-10
1099	-9.5	5e-10
1100	-9.5	5e-10
1101	-9.5	5e-10
1102	-9.5	5e-10
1103	-9.5	5e-10
1104	-9.5	5e-10
1105	-9.5	5e-10
1106	-9.5	5e-10
1107	-9.5	5e-10
1108	-9.5	5e-10
1109	-9.5	5e-10
1110	-9.5	5e-10
1111	-9.5	5e-10
1112	-9.5	5e-10
1113	-9.5	5e-10
1114	-9.5	5e-10
1115	-9.5	5e-10
1116	-9.5	5e-10
1117	-9.5	5e-10
1118	-9.5	5e-10
1119	-9.5	5e-10
1120	-9.5	5e-10
1121	-9.5	5e-10
1122	-9.5	5e-10
1123	-9.5	5e-10
1124	-9.5	5e-10
1125	-9.5	5e-10
1126	-9.5	5e-10
1127	-9.5	5e-10
1128	-9.5	5e-10
1129	-9.5	5e-10
1130	-9.5	5e-10
1131	-9.5	5e-10
1132	-9.5	5e-10
1133	-9.5	5e-10
1134	-9.5	5e-10
1135	-9.5	5e-10
1136	-9.5	5e-10
1137	-9.5	5e-10
1138	-9.5	5e-10
1139	-9.5	5e-10
1140	-9.5	5e-10
1141	-9.5	5e-10
1142	-9.5	5e-10
1143	-9.5	5e-10
1144	-9.5	5e-10
1145	-9.5	5e-10
1146	-9.5	5e-10
1147	-9.5	5e-10
1148	-9.5	5e-10
1149	-9.5	5e-10
1150	-9.5	5e-10
1151	-9.5	5e-10
1152	-9.5	5e-10
1153	-9.5	5e-10
1154	-9.5	5e-10
1155	-9.5	5e-10
1156	-9.5	5e-10
1157	-9.5	5e-10
1158	-9.5	5e-10
1159	-9.5	5e-10
1160	-9.5	5e-10
1161	-9.5	5e-10
1162	-9.5	5e-10
1163	-9.5	5e-10
1164	-9.5	5e-10
1165	-9.5	5e-10
1166	-9.5	5e-10
1167	-9.5	5e-10
1168	-9.5	5e-10
1169	-9.5	5e-10
1170	-10.0	5e-10
1171	-10.0	5e-10
1172	-10.0	5e-10
1173	-10.0	5e-10
1174	-10.0	5e-10
1175	-10.0	5e-10
1176	-10.0	5e-10
1177	-10.0	5e-10
1178	-10.0	5e-10
1179	-10.0	5e-10
1180	-10.0	5e-10
1181	-10.0	5e-10
1182	-10.0	5e-10
1183	-10.0	5e-10
1184	-10.0	5e-10
1185	-10.0	5e-10
1186	-10.0	5e-10
1187	-10.0	5e-10
1188	-10.0	5e-10
1189	-10.0	5e-10
1190	-10.0	5e-10
1191	-10.0	5e-10
1192	-10.0	5e-10
1193	-10.0	5e-10
1194	-10.0	5e-10
1195	-10.0	5e-10
1196	-10.0	5e-10
1197	-10.0	5e-10
1198	-10.0	5e-10
1199	-10.0	5e-10
1200	-10.0	5e-10
1201	-10.0	5e-10
1202	-10.0	5e-10
1203	-10.0	5e-10
1204	-10.0	5e-10
1205	-10.0	5e-10
1206	-10.0	5e-10
1207	-10.0	5e-10
1208	-10.0	5e-10
1209	-10.0	5e-10
1210	-10.0	5e-10
1211	-10.0	5e-10
1212	-10.0	5e-10
1213	-10.0	5e-10
1214	-10.0	5e-10
1215	-10.0	5e-10
1216	-10.0	5e-10
1217	-10.0	5e-10
1218	-10.0	5e-10
1219	-10.0	5e-10
1220	-10.0	5e-10
1221	-10.0	5e-10
1222	-10.0	5e-10
1223	-10.0	5e-10
1224	-10.0	5e-10
1225	-10.0	5e-10
1226	-10.0	5e-10
1227	-10.0	5e-10
1228	-10.0	5e-10
1229	-10.0	5e-10
1230	-10.0	5e-10
1231	-10.0	5e-10
1232	-10.0	5e-10
1233	-10.0	5e-10
1234	-10.0	5e-10
1235	-10.0	5e-10
1236	-10.0	5e-10
1237	-10.0	5e-10
1238	-10.0	5e-10
1239	-10.0	5e-10
1240	-10.0	5e-10
1241	-10.0	5e-10
1242	-10.0	5e-10
1243	-10.0	5e-10
1244	-10.0	5e-10
1245	-10.0	5e-10
1246	-10.0	5e-10
1247	-10.0	5e-10
1248	-10.0	5e-10
1249	-10.0	5e-10
1250	-10.0	5e-10
1251	-10.0	5e-10
1252	-10.0	5e-10
1253	-10.0	5e-10
1254	-10.0	5e-10
1255	-10.0	5e-10
1256	-10.0	5e-10
1257	-10.0	5e-10
1258	-10.0	5e-10
1259	-10.0	5e-10
1260	-10.0	5e-10
1261	-10.0	5e-10
1262	-10.5	5e-10
1263	-10.5	5e-10
1264	-10.5	5e-10
1265	-10.5	5e-10
1266	-10.5	5e-10
1267	-10.5	5e-10
1268	-10.5	5e-10
1269	-10.5	5e-10
1270	-10.5	5e-10
1271	-10.5	5e-10
1272	-10.5	5e-10
1273	-10.5	5e-10
1274	-10.5	5e-10
1275	-10.5	5e-10
1276	-10.5	5e-10
1277	-10.5	5e-10
1278	-10.5	5e-10
1279	-10.5	5e-10
1280	-10.5	5e-10
1281	-10.5	5e-10
1282	-10.5	5e-10
1283	-10.5	5e-10
1284	-10.5	5e-10
1285	-10.5	5e-10
1286	-10.5	5e-10
1287	-10.5	5e-10
1288	-10.5	5e-10
1289	-10.5	5e-10
1290	-10.5	5e-10
1291	-10.5	5e-10
1292	-10.5	5e-10
1293	-10.5	5e-10
1294	-10.5	5e-10
1295	-10.5	5e-10
1296	-10.5	5e-10
1297	-10.5	5e-10
1298	-10.5	5e-10
1299	-10.5	5e-10
1300	-10.5	5e-10
1301	-10.5	5e-10
1302	-10.5	5e-10
1303	-10.5	5e-10
1304	-10.5	5e-10
1305	-10.5	5e-10
1306	-10.5	5e-10
1307	-10.5	5e-10
1308	-10.5	5e-10
1309	-10.5	5e-10
1310	-10.5	5e-10
1311	-10.5	5e-10
1312	-10.5	5e-10
1313	-10.5	5e-10
1314	-10.5	5e-10
1315	-10.5	5e-10
1316	-10.5	5e-10
1317	-10.5	5e-10
1318	-10.5	5e-10
1319	-10.5	5e-10
1320	-10.5	5e-10
1321	-10.5	5e-10
1322	-10.5	5e-10
1323	-10.5	5e-10
1324	-10.5	5e-10
1325	-10.5	5e-10
1326	-10.5	5e-10
1327	-11.0	5e-10
1328	-11.0	5e-10
1329	-11.0	5e-10
1330	-11.0	5e-10
1331	-11.0	5e-10
1332	-11.0	5e-10
1333	-11.0	5e-10
1334	-11.0	5e-10
1335	-11.0	5e-10
1336	-11.0	5e-10
1337	-11.0	5e-10
1338	-11.0	5e-10
1339	-11.0	5e-10
1340	-11.0	5e-10
1341	-11.0	5e-10
1342	-11.0	5e-10
1343	-11.0	5e-10
1344	-11.0	5e-10
1345	-11.0	5e-10
1346	-11.0	5e-10
1347	-11.0	5e-10
1348	-11.0	5e-10
1349	-11.0	5e-10
1350	-11.0	5e-10
1351	-11.0	5e-10
1352	-11.0	5e-10
1353	-11.0	5e-10
1354	-11.0	5e-10
1355	-11.0	5e-10
1356	-11.0	5e-10
1357	-11.0	5e-10
1358	-11.0	5e-10
1359	-11.0	5e-10
1360	-11.0	5e-10
1361	-11.0	5e-10
1362	-11.0	5e-10
1363	-11.0	5e-10
1364	-11.0	5e-10
1365	-11.0	5e-10
1366	-11.0	5e-10
1367	-11.0	5e-10
1368	-11.5	5e-10
1369	-11.5	5e-10
1370	-11.5	5e-10
1371	-11.5	5e-10
1372	-11.5	5e-10
1373	-11.5	5e-10
1374	-11.5	5e-10
1375	-11.5	5e-10
1376	-11.5	5e-10
1377	-11.5	5e-10
1378	-11.5	5e-10
1379	-11.5	5e-10
1380	-11.5	5e-10
1381	-11.5	5e-10
1382	-11.5	5e-10
1383	-11.5	5e-10
1384	-11.5	5e-10
1385	-11.5	5e-10
1386	-11.5	5e-10
1387	-11.5	5e-10
1388	-11.5	5e-10
1389	-11.5	5e-10
1390	-11.5	5e-10
1391	-11.5	5e-10
1392	-11.5	5e-10
1393	-11.5	5e-10
1394	-11.5	5e-10
1395	-11.5	5e-10
1396	-11.5	5e-10
1397	-11.5	5e-10
1398	-11.5	5e-10
1399	-11.5	5e-10
1400	-11.5	5e-10
1401	-11.5	5e-10
1402	-11.5	5e-10
1403	-11.5	5e-10
1404	-11.5	5e-10
1405	-11.5	5e-10
1406	-11.5	5e-10
1407	-11.5	5e-10
1408	-11.5	5e-10
1409	-11.5	5e-10
1410	-11.5	5e-10
1411	-11.5	5e-10
1412	-11.5	5e-10
1413	-11.5	5e-10
1414	-11.5	5e-10
1415	-11.5	5e-10
1416	-12.0	5e-10
1417	-12.0	5e-10
1418	-12.0	5e-10
1419	-12.0	5e-10
1420	-12.0	5e-10
1421	-12.0	5e-10
1422	-12.0	5e-10
1423	-12.0	5e-10
1424	-12.0	5e-10
1425	-12.0	5e-10
1426	-12.0	5e-10
1427	-12.0	5e-10
1428	-12.0	5e-10
1429	-12.0	5e-10
1430	-12.0	5e-10
1431	-12.0	5e-10
1432	-12.0	5e-10
1433	-12.0	5e-10
1434	-12.0	5e-10
1435	-12.0	5e-10
1436	-12.0	5e-10
1437	-12.0	5e-10
1438	-12.0	5e-10
1439	-12.0	5e-10
1440	-12.0	5e-10
1441	-12.0	5e-10
1442	-12.0	5e-10
1443	-12.0	5e-10
1444	-12.0	5e-10
1445	-12.0	5e-10
1446	-12.0	5e-10
1447	-12.5	5e-10
1448	-12.5	5e-10
1449	-12.5	5e-10
1450	-12.5	5e-10
1451	-12.5	5e-10
1452	-12.5	5e-10
1453	-12.5	5e-10
1454	-12.5	5e-10
1455	-12.5	5e-10
1456	-12.5	5e-10
1457	-12.5	5e-10
1458	-12.5	5e-10
1459	-12.5	5e-10
1460	-12.5	5e-10
1461	-12.5	5e-10
1462	-12.5	5e-10
1463	-12.5	5e-10
1464	-12.5	5e-10
1465	-12.5	5e-10
1466	-12.5	5e-10
1467	-12.5	5e-10
1468	-12.5	5e-10
1469	-12.5	5e-10
1470	-12.5	5e-10
1471	-12.5	5e-10
1472	-13.0	5e-10
1473	-13.0	5e-10
1474	-13.0	5e-10
1475	-13.0	5e-10
1476	-13.0	5e-10
1477	-13.0	5e-10
1478	-13.0	5e-10
1479	-13.0	5e-10
1480	-13.0	5e-10
1481	-13.0	5e-10
1482	-13.0	5e-10
1483	-13.0	5e-10
1484	-13.5	5e-10
1485	-13.5	5e-10
1486	-13.5	5e-10
1487	-13.5	5e-10
1488	-13.5	5e-10
1489	-13.5	5e-10
1490	-13.5	5e-10
1491	-13.5	5e-10
1492	-13.5	5e-10
1493	-13.5	5e-10
1494	-14.0	5e-10
1495	-14.0	5e-10
1496	-14.0	5e-10
1497	-14.0	5e-10
1498	-14.0	5e-10
1499	-14.0	5e-10
1500	-14.5	5e-10
1501	-14.5	5e-10
1502	-14.5	5e-10
1503	-15.0	5e-10
1504	-15.0	5e-10
1505	-15.5	5e-10
1506	-15.5	5e-10
1507	-15.5	5e-10
